2019             12              1              7              0
2019             12              1              7             30
2019             12              1              8              0
2019             12              1              8             30
2019             12              1              9              0
2019             12              1              9             30
2019             12              1             10              0
2019             12              1             10             30
2019             12              1             11              0
2019             12              1             11             30
2019             12              1             12              0
2019             12              1             12             30
2019             12              1             13              0
2019             12              1             13             30
2019             12              1             14              0
2019             12              1             14             30
2019             12              1             15              0
2019             12              1             15             30
2019             12              1             16              0
2019             12              1             16             30
2019             12              1             17              0
2019             12              1             17             30
2019             12              1             18              0
2019             12              1             18             30
2019             12              1             19              0
2019             12              1             19             30
2019             12              1             20              0
2019             12              1             20             30
2019             12              1             21              0
2019             12              1             21             30
2019             12              1             22              0
2019             12              2              7              0
2019             12              2              7             30
2019             12              2              8              0
2019             12              2              8             30
2019             12              2              9              0
2019             12              2              9             30
2019             12              2             10              0
2019             12              2             10             30
2019             12              2             11              0
2019             12              2             11             30
2019             12              2             12              0
2019             12              2             12             30
2019             12              2             13              0
2019             12              2             13             30
2019             12              2             14              0
2019             12              2             14             30
2019             12              2             15              0
2019             12              2             15             30
2019             12              2             16              0
2019             12              2             16             30
2019             12              2             17              0
2019             12              2             17             30
2019             12              2             18              0
2019             12              2             18             30
2019             12              2             19              0
2019             12              2             19             30
2019             12              2             20              0
2019             12              2             20             30
2019             12              2             21              0
2019             12              2             21             30
2019             12              2             22              0
2019             12              3              7              0
2019             12              3              7             30
2019             12              3              8              0
2019             12              3              8             30
2019             12              3              9              0
2019             12              3              9             30
2019             12              3             10              0
2019             12              3             10             30
2019             12              3             11              0
2019             12              3             11             30
2019             12              3             12              0
2019             12              3             12             30
2019             12              3             13              0
2019             12              3             13             30
2019             12              3             14              0
2019             12              3             14             30
2019             12              3             15              0
2019             12              3             15             30
2019             12              3             16              0
2019             12              3             16             30
2019             12              3             17              0
2019             12              3             17             30
2019             12              3             18              0
2019             12              3             18             30
2019             12              3             19              0
2019             12              3             19             30
2019             12              3             20              0
2019             12              3             20             30
2019             12              3             21              0
2019             12              3             21             30
2019             12              3             22              0
2019             12              4              7              0
2019             12              4              7             30
2019             12              4              8              0
2019             12              4              8             30
2019             12              4              9              0
2019             12              4              9             30
2019             12              4             10              0
